2020-12-11 10:28:53.311
            50       1              51       0              53       0              55       0              56       0  
2020-12-11 10:28:53.370
            56       0              56       0              54       0              53       0              52       0  
2020-12-11 10:28:53.426
            51       0              51       0              51       0              51       0              51       0  
2020-12-11 10:28:53.481
            51       0              51       0              50       0              48       0              47       0  
2020-12-11 10:28:53.587
            47       0              46       0              46       0              45       0              26       0  
2020-12-11 10:28:53.743
            22       0              18       0              14       0              10       0              8       0  
2020-12-11 10:28:54.000
            6       0              6       0              8       0              14       0              21       0  
2020-12-11 10:28:54.004
            30       0              39       1              46       0              50       0              50       0  
2020-12-11 10:28:54.059
            48       0              43       0              37       0              29       0              22       0  
2020-12-11 10:28:54.078
            15       0              8       0              2       0              0       0              0       0  
2020-12-11 10:28:54.183
            0       0              0       0              0       0              0       0              0       0  
2020-12-11 10:28:54.288
            0       0              0       0              0       0              0       0              0       0  
2020-12-11 10:28:54.444
            0       0              0       0              0       0              0       0              0       0  
2020-12-11 10:28:54.549
            0       0              0       1              17       0              39       0              48       0  
2020-12-11 10:28:54.654
            49       0              45       0              39       0              33       0              26       0  
2020-12-11 10:28:54.709
            18       0              12       0              6       0              3       0              2       0  
2020-12-11 10:28:54.865
            5       0              8       0              11       0              13       0              13       0  
2020-12-11 10:28:54.969
            11       0              7       0              4       0              1       0              0       0  
2020-12-11 10:28:55.024
            0       0              0       0              0       0              0       0              6       0  
2020-12-11 10:28:55.128
            22       0              42       0              63       0              81       1              91       0  
2020-12-11 10:28:55.182
            93       0              89       0              83       0              75       0              65       0  
2020-12-11 10:28:55.287
            55       0              44       0              33       0              25       0              19       0  
2020-12-11 10:28:55.492
            17       0              17       0              19       0              22       0              23       0  
2020-12-11 10:28:55.496
            24       0              24       0              24       0              24       0              24       0  
2020-12-11 10:28:55.599
            23       0              23       0              21       0              19       0              18       0  
2020-12-11 10:28:55.703
            23       0              36       0              54       0              74       0              93       1  
2020-12-11 10:28:55.909
            105       0              107       0              102       0              94       0              85       0  
2020-12-11 10:28:55.913
            75       0              66       0              57       0              51       0              47       0  
2020-12-11 10:28:56.127
            44       0              43       0              42       0              41       0              49       0  
2020-12-11 10:28:56.181
            48       0              48       0              47       0              46       0              46       0  
2020-12-11 10:28:56.184
            45       0              45       0              44       0              43       0              43       0  
2020-12-11 10:28:56.391
            42       0              41       0              41       0              41       0              43       0  
2020-12-11 10:28:56.394
            46       0              51       0              57       0              61       0              64       1  
2020-12-11 10:28:56.497
            64       0              61       0              58       0              55       0              52       0  
2020-12-11 10:28:56.700
            49       0              47       0              46       0              45       0              44       0  
2020-12-11 10:28:56.804
            44       0              43       0              43       0              43       0              42       0  
2020-12-11 10:28:56.807
            42       0              42       0              41       0              41       0              41       0  
2020-12-11 10:28:57.062
            41       0              41       0              41       0              40       0              40       0  
2020-12-11 10:28:57.080
            40       0              41       0              43       0              48       0              53       0  
2020-12-11 10:28:57.284
            58       1              61       0              62       0              59       0              56       0  
2020-12-11 10:28:57.339
            52       0              49       0              47       0              45       0              44       0  
2020-12-11 10:28:57.343
            44       0              43       0              43       0              43       0              42       0  
2020-12-11 10:28:57.396
            42       0              42       0              42       0              41       0              41       0  
2020-12-11 10:28:57.600
            41       0              41       0              41       0              41       0              41       0  
2020-12-11 10:28:57.603
            42       0              45       0              52       0              59       1              66       0  
2020-12-11 10:28:57.807
            73       0              76       0              75       0              73       0              69       0  
2020-12-11 10:28:57.862
            65       0              60       0              55       0              51       0              48       0  
2020-12-11 10:28:57.916
            45       0              43       0              42       0              42       0              41       0  
2020-12-11 10:28:58.029
            41       0              41       0              40       0              40       0              40       0  
2020-12-11 10:28:58.134
            40       0              39       0              39       0              39       0              39       0  
2020-12-11 10:28:58.239
            39       0              39       0              41       0              45       0              52       0  
2020-12-11 10:28:58.544
            59       0              66       1              71       0              72       0              70       0  
2020-12-11 10:28:58.548
            67       0              62       0              57       0              53       0              45       0  
2020-12-11 10:28:58.551
            40       0              36       0              34       0              33       0              33       0  
2020-12-11 10:28:58.604
            32       0              32       0              32       0              31       0              31       0  
2020-12-11 10:28:58.808
            31       0              31       0              31       0              31       0              31       0  
2020-12-11 10:28:58.812
            31       0              31       0              31       0              34       0              42       0  
2020-12-11 10:28:58.918
            56       0              72       1              87       0              99       0              103       0  
2020-12-11 10:28:58.981
            99       0              93       0              85       0              77       0              69       0  
2020-12-11 10:28:59.086
            62       0              56       0              51       0              47       0              44       0  
2020-12-11 10:28:59.195
            42       0              40       0              39       0              38       0              37       0  
2020-12-11 10:28:59.350
            36       0              35       0              35       0              34       0              33       0  
2020-12-11 10:28:59.406
            33       0              32       0              31       0              31       0              30       0  
2020-12-11 10:28:59.510
            31       0              34       0              44       0              57       0              70       0  
2020-12-11 10:28:59.615
            82       1              89       0              89       0              84       0              76       0  
2020-12-11 10:28:59.770
            68       0              61       0              54       0              49       0              44       0  
2020-12-11 10:28:59.875
            41       0              39       0              38       0              37       0              37       0  
2020-12-11 10:28:59.881
            36       0              36       0              36       0              36       0              36       0  
2020-12-11 10:28:59.988
            36       0              36       0              36       0              36       0              36       0  
2020-12-11 10:29:00.144
            36       0              36       0              37       0              41       0              52       0  
2020-12-11 10:29:00.200
            67       0              82       1              98       0              109       0              111       0  
2020-12-11 10:29:00.356
            108       0              102       0              93       0              85       0              76       0  
2020-12-11 10:29:00.411
            69       0              64       0              61       0              59       0              58       0  
2020-12-11 10:29:00.515
            58       0              57       0              55       0              53       0              49       0  
2020-12-11 10:29:00.620
            45       0              40       0              37       0              34       0              32       0  
2020-12-11 10:29:00.725
            31       0              30       0              30       0              29       0              29       0  
2020-12-11 10:29:00.780
            29       0              31       0              37       0              50       0              67       0  
2020-12-11 10:29:00.886
            85       0              101       1              109       0              109       0              104       0  
2020-12-11 10:29:00.989
            97       0              89       0              79       0              70       0              62       0  
2020-12-11 10:29:01.094
            55       0              50       0              47       0              45       0              44       0  
2020-12-11 10:29:01.249
            43       0              43       0              42       0              40       0              39       0  
2020-12-11 10:29:01.356
            37       0              36       0              35       0              34       0              33       0  
2020-12-11 10:29:01.411
            32       0              31       0              30       0              35       0              48       0  
2020-12-11 10:29:01.517
            67       0              88       1              109       0              124       0              127       0  
2020-12-11 10:29:01.672
            126       0              119       0              111       0              102       0              92       0  
2020-12-11 10:29:01.678
            84       0              76       0              70       0              65       0              62       0  
2020-12-11 10:29:01.782
            60       0              59       0              57       0              55       0              52       0  
2020-12-11 10:29:01.887
            50       0              47       0              45       0              44       0              44       0  
2020-12-11 10:29:02.026
            45       0              45       0              45       0              44       0              43       0  
2020-12-11 10:29:02.080
            46       0              56       0              71       0              88       0              105       1  
2020-12-11 10:29:02.190
            116       0              119       0              116       0              110       0              102       0  
2020-12-11 10:29:02.345
            93       0              85       0              76       0              69       0              64       0  
2020-12-11 10:29:02.451
            60       0              58       0              58       0              58       0              58       0  
2020-12-11 10:29:02.509
            58       0              57       0              54       0              51       0              48       0  
2020-12-11 10:29:02.669
            44       0              40       0              35       0              31       0              26       0  
2020-12-11 10:29:02.724
            22       0              19       0              17       0              22       0              36       0  
2020-12-11 10:29:02.778
            54       0              74       0              92       1              103       0              104       0  
2020-12-11 10:29:02.933
            99       0              91       0              81       0              72       0              62       0  
2020-12-11 10:29:03.027
            54       0              46       0              41       0              37       0              35       0  
2020-12-11 10:29:03.082
            36       0              37       0              38       0              38       0              38       0  
2020-12-11 10:29:03.197
            37       0              36       0              34       0              32       0              34       0  
2020-12-11 10:29:03.318
            33       0              31       0              30       0              29       0              29       0  
2020-12-11 10:29:03.422
            30       0              37       0              50       0              66       0              82       1  
2020-12-11 10:29:03.527
            96       0              103       0              103       0              99       0              95       0  
2020-12-11 10:29:03.589
            89       0              83       0              78       0              72       0              67       0  
2020-12-11 10:29:03.694
            63       0              59       0              57       0              56       0              55       0  
2020-12-11 10:29:03.801
            54       0              52       0              49       0              45       0              42       0  
2020-12-11 10:29:03.906
            37       0              34       0              30       0              28       0              26       0  
2020-12-11 10:29:04.016
            24       0              23       0              23       0              25       0              34       0  
2020-12-11 10:29:04.121
            47       0              63       0              78       1              90       0              94       0  
2020-12-11 10:29:04.275
            92       0              88       0              82       0              75       0              68       0  
2020-12-11 10:29:04.278
            62       0              56       0              51       0              47       0              44       0  
2020-12-11 10:29:04.382
            43       0              42       0              41       0              40       0              39       0  
2020-12-11 10:29:04.490
            37       0              35       0              33       0              32       0              30       0  
2020-12-11 10:29:04.595
            29       0              28       0              27       0              26       0              26       0  
2020-12-11 10:29:04.700
            26       0              26       0              32       0              46       0              62       0  
2020-12-11 10:29:04.805
            79       1              95       0              104       0              105       0              102       0  
2020-12-11 10:29:04.916
            97       0              91       0              85       0              80       0              74       0  
2020-12-11 10:29:05.024
            70       0              66       0              64       0              63       0              62       0  
2020-12-11 10:29:05.078
            62       0              61       0              59       0              56       0              53       0  
2020-12-11 10:29:05.183
            50       0              46       0              42       0              38       0              34       0  
2020-12-11 10:29:05.338
            31       0              29       0              27       0              25       0              24       0  
2020-12-11 10:29:05.394
            24       0              25       0              32       0              44       0              59       0  
2020-12-11 10:29:05.551
            73       0              86       1              90       0              88       0              83       0  
2020-12-11 10:29:05.656
            75       0              67       0              59       0              53       0              45       0  
2020-12-11 10:29:05.713
            40       0              36       0              34       0              33       0              33       0  
2020-12-11 10:29:05.817
            33       0              34       0              34       0              34       0              33       0  
2020-12-11 10:29:05.879
            32       0              30       0              29       0              27       0              26       0  
2020-12-11 10:29:05.998
            26       0              25       0              25       0              25       0              27       0  
2020-12-11 10:29:06.104
            40       0              60       0              83       1              107       0              126       0  
2020-12-11 10:29:06.213
            127       0              127       0              127       0              119       0              110       0  
2020-12-11 10:29:06.320
            101       0              93       0              86       0              80       0              76       0  
2020-12-11 10:29:06.425
            74       0              74       0              73       0              73       0              71       0  
2020-12-11 10:29:06.530
            68       0              64       0              60       0              55       0              52       0  
2020-12-11 10:29:06.585
            48       0              45       0              42       0              39       0              36       0  
2020-12-11 10:29:06.741
            33       0              29       0              26       0              25       0              29       0  
2020-12-11 10:29:06.796
            40       0              56       0              74       0              89       0              97       1  
2020-12-11 10:29:06.902
            96       0              89       0              80       0              70       0              59       0  
2020-12-11 10:29:07.013
            50       0              42       0              36       0              31       0              27       0  
2020-12-11 10:29:07.124
            25       0              24       0              22       0              22       0              21       0  
2020-12-11 10:29:07.180
            20       0              18       0              18       0              17       0              16       0  
2020-12-11 10:29:07.286
            16       0              16       0              16       0              16       0              16       0  
2020-12-11 10:29:07.392
            16       0              16       0              17       0              18       0              26       0  
2020-12-11 10:29:07.501
            44       0              66       0              89       1              109       0              121       0  
2020-12-11 10:29:07.610
            121       0              115       0              105       0              95       0              85       0  
2020-12-11 10:29:07.716
            76       0              67       0              61       0              56       0              54       0  
2020-12-11 10:29:07.825
            53       0              52       0              51       0              50       0              48       0  
2020-12-11 10:29:07.880
            46       0              43       0              40       0              37       0              34       0  
2020-12-11 10:29:07.981
            32       0              30       0              29       0              27       0              31       0  
2020-12-11 10:29:08.088
            30       0              29       0              29       0              28       0              30       0  
2020-12-11 10:29:08.193
            37       0              48       0              62       0              75       0              85       1  
2020-12-11 10:29:08.302
            87       0              83       0              76       0              67       0              59       0  
2020-12-11 10:29:08.407
            53       0              48       0              45       0              42       0              40       0  
2020-12-11 10:29:08.514
            38       0              37       0              35       0              34       0              33       0  
2020-12-11 10:29:08.618
            32       0              32       0              31       0              30       0              30       0  
2020-12-11 10:29:08.824
            30       0              30       0              29       0              29       0              29       0  
2020-12-11 10:29:08.830
            29       0              30       0              30       0              30       0              32       0  
2020-12-11 10:29:08.884
            40       0              55       0              73       1              92       0              108       0  
2020-12-11 10:29:08.988
            115       0              114       0              108       0              99       0              90       0  
2020-12-11 10:29:09.146
            81       0              73       0              66       0              62       0              59       0  
2020-12-11 10:29:09.201
            59       0              59       0              60       0              61       0              61       0  
2020-12-11 10:29:09.457
            59       0              56       0              53       0              49       0              45       0  
2020-12-11 10:29:09.511
            42       0              39       0              37       0              36       0              34       0  
2020-12-11 10:29:09.521
            33       0              33       0              33       0              40       0              54       0  
2020-12-11 10:29:09.677
            70       0              87       0              102       1              109       0              109       0  
2020-12-11 10:29:09.683
            104       0              96       0              88       0              79       0              71       0  
2020-12-11 10:29:09.791
            64       0              58       0              54       0              52       0              50       0  
2020-12-11 10:29:09.947
            49       0              47       0              45       0              42       0              39       0  
2020-12-11 10:29:10.106
            35       0              32       0              30       0              29       0              28       0  
2020-12-11 10:29:10.114
            27       0              27       0              26       0              26       0              27       0  
2020-12-11 10:29:10.219
            27       0              30       0              40       0              56       0              74       0  
2020-12-11 10:29:10.325
            92       1              108       0              115       0              114       0              109       0  
2020-12-11 10:29:10.381
            102       0              95       0              88       0              82       0              76       0  
2020-12-11 10:29:10.485
            72       0              70       0              69       0              69       0              68       0  
2020-12-11 10:29:10.640
            67       0              65       0              62       0              57       0              52       0  
2020-12-11 10:29:10.746
            47       0              43       0              39       0              36       0              33       0  
2020-12-11 10:29:10.802
            31       0              30       0              28       0              27       0              27       0  
2020-12-11 10:29:10.908
            31       0              42       0              57       0              72       0              87       1  
2020-12-11 10:29:11.067
            96       0              98       0              94       0              88       0              81       0  
2020-12-11 10:29:11.123
            74       0              67       0              62       0              58       0              56       0  
2020-12-11 10:29:11.178
            55       0              55       0              56       0              56       0              56       0  
2020-12-11 10:29:11.333
            55       0              52       0              50       0              47       0              45       0  
2020-12-11 10:29:11.388
            43       0              41       0              39       0              38       0              37       0  
2020-12-11 10:29:11.493
            36       0              35       0              35       0              39       0              50       0  
2020-12-11 10:29:11.649
            63       0              78       0              92       1              101       0              103       0  
2020-12-11 10:29:11.704
            102       0              98       0              93       0              88       0              83       0  
2020-12-11 10:29:11.809
            78       0              74       0              70       0              67       0              64       0  
2020-12-11 10:29:11.915
            61       0              58       0              54       0              49       0              44       0  
2020-12-11 10:29:12.023
            39       0              34       0              30       0              26       0              23       0  
2020-12-11 10:29:12.078
            21       0              19       0              18       0              17       0              17       0  
2020-12-11 10:29:12.186
            17       0              19       0              27       0              41       0              59       0  
2020-12-11 10:29:12.293
            77       1              93       0              102       0              104       0              101       0  
2020-12-11 10:29:12.398
            96       0              92       0              87       0              82       0              79       0  
2020-12-11 10:29:12.505
            77       0              76       0              76       0              76       0              76       0  
2020-12-11 10:29:12.610
            75       0              73       0              71       0              68       0              64       0  
2020-12-11 10:29:12.715
            60       0              56       0              53       0              49       0              45       0  
2020-12-11 10:29:12.820
            42       0              39       0              35       0              31       0              23       0  
2020-12-11 10:29:12.928
            19       0              18       0              23       0              33       0              46       0  
2020-12-11 10:29:12.980
            60       0              70       0              75       0              72       0              66       0  
2020-12-11 10:29:13.138
            57       0              48       0              39       0              31       0              26       0  
2020-12-11 10:29:13.195
            22       0              20       0              19       0              19       0              19       0  
2020-12-11 10:29:13.302
            19       0              19       0              19       0              18       0              17       0  
2020-12-11 10:29:13.409
            17       0              16       0              16       0              15       0              15       0  
2020-12-11 10:29:13.516
            15       0              15       0              15       0              16       0              16       0  
2020-12-11 10:29:13.590
            17       0              25       0              41       0              61       0              81       0  
2020-12-11 10:29:13.806
            100       1              111       0              112       0              107       0              99       0  
2020-12-11 10:29:13.812
            90       0              81       0              72       0              63       0              57       0  
2020-12-11 10:29:13.918
            53       0              51       0              51       0              52       0              53       0  
2020-12-11 10:29:13.982
            54       0              53       0              51       0              49       0              47       0  
2020-12-11 10:29:14.092
            44       0              42       0              40       0              37       0              35       0  
2020-12-11 10:29:14.197
            33       0              31       0              30       0              30       0              37       0  
2020-12-11 10:29:14.303
            51       0              69       0              87       0              103       1              112       0  
2020-12-11 10:29:14.408
            113       0              110       0              105       0              99       0              95       0  
2020-12-11 10:29:14.520
            91       0              88       0              86       0              85       0              84       0  
2020-12-11 10:29:14.578
            81       0              75       0              68       0              60       0              51       0  
2020-12-11 10:29:14.684
            45       0              42       0              43       0              48       0              55       0  
2020-12-11 10:29:14.788
            63       0              70       0              74       0              75       0              73       0  
2020-12-11 10:29:14.893
            69       0              65       0              66       0              70       0              78       0  
2020-12-11 10:29:15.007
            89       0              98       0              106       1              108       0              107       0  
2020-12-11 10:29:15.112
            104       0              100       0              95       0              92       0              88       0  
2020-12-11 10:29:15.219
            86       0              85       0              84       0              84       0              75       0  
2020-12-11 10:29:15.324
            74       0              73       0              72       0              70       0              69       0  
2020-12-11 10:29:15.429
            67       0              65       0              64       0              63       0              61       0  
2020-12-11 10:29:15.484
            60       0              59       0              58       0              56       0              53       0  
2020-12-11 10:29:15.589
            50       0              47       0              44       0              44       0              47       0  
2020-12-11 10:29:15.694
            53       0              60       0              67       1              73       0              76       0  
2020-12-11 10:29:15.800
            76       0              74       0              70       0              65       0              59       0  
2020-12-11 10:29:15.958
            55       0              52       0              52       0              53       0              56       0  
2020-12-11 10:29:16.018
            58       0              59       0              58       0              57       0              54       0  
2020-12-11 10:29:16.131
            51       0              47       0              43       0              40       0              37       0  
2020-12-11 10:29:16.208
            33       0              30       0              27       0              23       0              20       0  
2020-12-11 10:29:16.365
            16       0              12       0              8       0              10       0              16       0  
2020-12-11 10:29:16.470
            25       0              36       0              44       1              48       0              45       0  
2020-12-11 10:29:16.574
            38       0              29       0              19       0              10       0              2       0  
2020-12-11 10:29:16.779
            0       0              0       0              0       0              0       0              0       0  
2020-12-11 10:29:16.783
            0       0              0       0              0       0              0       0              0       0  
2020-12-11 10:29:16.789
            0       0              0       0              0       0              127       0              127       0  
2020-12-11 10:29:16.894
            127       0              127       0              127       0              127       0              127       0  
2020-12-11 10:29:17.002
            127       0              127       0              127       0              127       0              127       0  
2020-12-11 10:29:17.109
            127       0              127       0              127       0              127       0              127       0  
2020-12-11 10:29:17.264
            127       0              127       0              127       0              127       0              127       0  
2020-12-11 10:29:17.370
            127       0              127       0              127       0              127       0              127       0  
2020-12-11 10:29:17.475
            127       0              127       0              127       0              127       0              127       0  
2020-12-11 10:29:17.482
            127       0              127       0              127       0              127       0              127       0  
2020-12-11 10:29:17.586
            127       0              127       0              127       0              127       1              127       0  
2020-12-11 10:29:17.690
            127       0              127       0              127       0              127       0              127       0  
2020-12-11 10:29:17.844
            127       0              127       0              127       0              127       0              127       0  
2020-12-11 10:29:17.899
            127       0              127       0              127       0              127       0              127       0  
2020-12-11 10:29:18.129
            127       0              127       0              127       0              127       0              127       0  
2020-12-11 10:29:18.133
            127       0              127       0              127       0              127       0              127       0  
2020-12-11 10:29:18.237
            127       0              127       0              127       0              127       0              127       0  
2020-12-11 10:29:18.291
            127       0              127       0              127       0              127       0              127       0  
2020-12-11 10:29:18.395
            127       0              127       0              127       0              127       0              127       0  
2020-12-11 10:29:18.500
            127       0              127       0              127       0              127       0              127       0  
2020-12-11 10:29:18.604
            127       0              127       0              127       0              127       0              127       0  
2020-12-11 10:29:18.711
            127       0              127       0              127       0              127       0              127       0  
2020-12-11 10:29:18.817
            127       0              127       0              127       0              127       0              127       0  
2020-12-11 10:29:18.921
            127       0              127       0              127       0              127       0              127       0  
2020-12-11 10:29:18.979
            127       0              127       0              127       0              127       0              127       0  
2020-12-11 10:29:19.084
            127       0              127       0              127       0              127       0              127       0  
2020-12-11 10:29:19.188
            127       0              127       0              127       0              127       0              127       0  
2020-12-11 10:29:19.300
            127       0              127       0              127       0              127       0              127       0  
2020-12-11 10:29:19.406
            127       0              127       0              127       0              127       0              127       0  
2020-12-11 10:29:19.512
            127       0              127       0              127       0              127       0              127       0  
2020-12-11 10:29:19.619
            127       0              127       0              126       0              122       0              118       0  
2020-12-11 10:29:19.727
            114       0              110       0              107       0              103       0              100       0  
2020-12-11 10:29:19.783
            97       0              95       0              92       0              90       0              87       0  
2020-12-11 10:29:19.887
            85       0              83       0              82       0              80       0              78       0  
2020-12-11 10:29:19.997
            77       0              75       0              74       0              73       0              72       0  
2020-12-11 10:29:20.103
            70       0              69       0              68       0              67       0              67       0  
2020-12-11 10:29:20.258
            66       0              65       0              64       0              64       0              63       0  
2020-12-11 10:29:20.313
            63       0              62       0              62       0              61       0              61       0  
2020-12-11 10:29:20.517
            61       0              60       0              60       0              59       0              59       0  
2020-12-11 10:29:20.522
            58       0              57       0              56       0              56       0              55       0  
2020-12-11 10:29:20.627
            55       0              54       0              54       0              54       0              53       0  
2020-12-11 10:29:20.681
            53       0              53       0              53       0              53       0              53       0  
2020-12-11 10:29:20.785
            53       0              53       0              53       0              53       0              53       0  
2020-12-11 10:29:20.888
            53       0              53       0              53       0              53       0              53       0  
2020-12-11 10:29:20.996
            53       0              53       0              53       0              53       0              53       0  
2020-12-11 10:29:21.101
            53       0              53       0              53       0              53       0              53       0  
2020-12-11 10:29:21.206
            53       0              53       1              54       0              54       0              54       0  
2020-12-11 10:29:21.310
            54       0              54       0              54       0              54       0              54       0  
2020-12-11 10:29:21.414
            54       0              54       0              54       0              54       0              54       0  
2020-12-11 10:29:21.518
            54       0              54       0              54       0              54       0              54       0  
2020-12-11 10:29:21.624
            54       0              54       0              54       0              54       0              54       0  
2020-12-11 10:29:21.677
            54       0              54       0              54       0              54       0              54       0  
2020-12-11 10:29:21.781
            54       0              54       0              54       0              54       0              54       0  
2020-12-11 10:29:21.888
            53       0              53       0              53       0              53       0              53       0  
2020-12-11 10:29:21.997
            54       0              54       0              54       0              54       0              54       1  
2020-12-11 10:29:22.103
            55       0              55       0              55       0              55       0              55       0  
2020-12-11 10:29:22.258
            55       0              55       0              55       0              55       0              55       0  
2020-12-11 10:29:22.313
            54       0              54       0              54       0              54       0              54       0  
2020-12-11 10:29:22.417
            54       0              54       0              54       0              54       0              51       0  
2020-12-11 10:29:22.622
            51       0              50       0              49       0              49       0              48       0  
2020-12-11 10:29:22.627
            48       0              48       0              47       0              47       0              47       0  
2020-12-11 10:29:22.730
            47       0              47       0              48       0              50       0              53       0  
2020-12-11 10:29:22.784
            55       0              57       1              58       0              58       0              58       0  
2020-12-11 10:29:22.889
            58       0              57       0              57       0              56       0              56       0  
2020-12-11 10:29:22.981
            55       0              55       0              54       0              54       0              54       0  
2020-12-11 10:29:23.086
            53       0              53       0              53       0              52       0              52       0  
2020-12-11 10:29:23.191
            52       0              51       0              51       0              50       0              50       0  
2020-12-11 10:29:23.296
            49       0              49       0              48       0              48       0              48       0  
2020-12-11 10:29:23.400
            47       0              47       0              47       0              47       0              47       0  
2020-12-11 10:29:23.554
            48       0              49       0              51       0              54       0              56       1  
2020-12-11 10:29:23.611
            58       0              59       0              59       0              59       0              59       0  
2020-12-11 10:29:23.766
            58       0              58       0              58       0              57       0              57       0  
2020-12-11 10:29:23.823
            56       0              56       0              55       0              55       0              54       0  
2020-12-11 10:29:23.927
            54       0              54       0              53       0              53       0              52       0  
2020-12-11 10:29:23.984
            52       0              52       0              51       0              51       0              50       0  
2020-12-11 10:29:24.089
            50       0              49       0              49       0              49       0              49       0  
2020-12-11 10:29:24.194
            48       0              48       0              48       0              48       0              48       0  
2020-12-11 10:29:24.298
            48       0              47       0              47       0              47       0              49       0  
2020-12-11 10:29:24.402
            51       0              53       0              56       1              58       0              60       0  
2020-12-11 10:29:24.506
            61       0              61       0              61       0              60       0              60       0  
2020-12-11 10:29:24.610
            60       0              59       0              59       0              58       0              57       0  
2020-12-11 10:29:24.715
            56       0              56       0              55       0              55       0              55       0  
2020-12-11 10:29:24.819
            55       0              54       0              54       0              53       0              46       0  
2020-12-11 10:29:24.923
            43       0              40       0              38       0              35       0              34       0  
2020-12-11 10:29:24.983
            33       0              33       0              32       0              32       0              32       0  
2020-12-11 10:29:25.087
            32       0              35       0              40       0              47       0              55       0  
2020-12-11 10:29:25.192
            65       0              73       1              80       0              84       0              87       0  
2020-12-11 10:29:25.297
            90       0              92       0              93       0              94       0              94       0  
2020-12-11 10:29:25.402
            94       0              92       0              90       0              87       0              84       0  
2020-12-11 10:29:25.506
            81       0              78       0              75       0              72       0              70       0  
2020-12-11 10:29:25.610
            68       0              65       0              63       0              61       0              59       0  
2020-12-11 10:29:25.714
            56       0              53       0              50       0              45       0              39       0  
2020-12-11 10:29:25.817
            33       0              25       0              18       0              10       0              4       0  
2020-12-11 10:29:25.925
            0       0              0       0              0       0              0       0              0       0  
2020-12-11 10:29:25.983
            0       0              3       0              10       0              21       0              35       0  
2020-12-11 10:29:26.088
            51       1              65       0              76       0              81       0              82       0  
2020-12-11 10:29:26.243
            80       0              78       0              76       0              74       0              71       0  
2020-12-11 10:29:26.297
            68       0              66       0              62       0              60       0              57       0  
2020-12-11 10:29:26.401
            55       0              54       0              53       0              52       0              50       0  
2020-12-11 10:29:26.506
            49       0              47       0              45       0              42       0              40       0  
2020-12-11 10:29:26.610
            37       0              34       0              32       0              30       0              29       0  
2020-12-11 10:29:26.714
            28       0              27       0              26       0              25       0              24       0  
2020-12-11 10:29:26.818
            25       0              31       0              40       0              52       0              66       0  
2020-12-11 10:29:26.922
            78       1              86       0              89       0              88       0              86       0  
2020-12-11 10:29:26.980
            84       0              82       0              79       0              77       0              74       0  
2020-12-11 10:29:27.085
            70       0              67       0              64       0              61       0              59       0  
2020-12-11 10:29:27.190
            58       0              57       0              55       0              53       0              51       0  
2020-12-11 10:29:27.295
            48       0              46       0              43       0              40       0              37       0  
2020-12-11 10:29:27.400
            34       0              32       0              29       0              27       0              25       0  
2020-12-11 10:29:27.508
            27       0              32       0              41       0              52       0              65       0  
2020-12-11 10:29:27.616
            75       1              82       0              84       0              84       0              82       0  
2020-12-11 10:29:27.772
            80       0              78       0              76       0              74       0              71       0  
2020-12-11 10:29:27.878
            68       0              65       0              62       0              60       0              57       0  
2020-12-11 10:29:27.882
            56       0              55       0              53       0              52       0              50       0  
2020-12-11 10:29:28.078
            48       0              45       0              43       0              40       0              38       0  
2020-12-11 10:29:28.085
            35       0              33       0              31       0              30       0              29       0  
2020-12-11 10:29:28.189
            28       0              27       0              26       0              29       0              36       0  
2020-12-11 10:29:28.292
            45       0              58       0              71       1              80       0              86       0  
2020-12-11 10:29:28.396
            87       0              86       0              84       0              81       0              79       0  
2020-12-11 10:29:28.500
            77       0              74       0              71       0              68       0              66       0  
2020-12-11 10:29:28.605
            63       0              61       0              59       0              58       0              56       0  
2020-12-11 10:29:28.716
            55       0              53       0              51       0              49       0              47       0  
2020-12-11 10:29:28.821
            44       0              41       0              39       0              36       0              34       0  
2020-12-11 10:29:28.927
            32       0              31       0              30       0              29       0              28       0  
2020-12-11 10:29:28.987
            26       0              25       0              24       0              23       0              21       0  
2020-12-11 10:29:29.092
            19       0              19       0              22       0              30       0              44       0  
2020-12-11 10:29:29.197
            59       0              74       1              86       0              91       0              93       0  
2020-12-11 10:29:29.352
            91       0              89       0              86       0              84       0              81       0  
2020-12-11 10:29:29.406
            79       0              76       0              73       0              69       0              67       0  
2020-12-11 10:29:29.510
            64       0              63       0              61       0              60       0              59       0  
2020-12-11 10:29:29.614
            57       0              56       0              54       0              51       0              47       0  
2020-12-11 10:29:29.719
            43       0              39       0              35       0              32       0              30       0  
2020-12-11 10:29:29.824
            28       0              28       0              27       0              26       0              24       0  
2020-12-11 10:29:29.877
            23       0              22       0              20       0              19       0              19       0  
2020-12-11 10:29:29.992
            21       0              30       0              44       0              61       0              79       1  
2020-12-11 10:29:30.096
            93       0              101       0              102       0              101       0              98       0  
2020-12-11 10:29:30.200
            94       0              91       0              88       0              84       0              80       0  
2020-12-11 10:29:30.306
            76       0              72       0              68       0              66       0              64       0  
2020-12-11 10:29:30.410
            63       0              61       0              59       0              57       0              54       0  
2020-12-11 10:29:30.513
            51       0              47       0              44       0              41       0              38       0  
2020-12-11 10:29:30.618
            34       0              32       0              30       0              28       0              27       0  
2020-12-11 10:29:30.721
            26       0              25       0              24       0              27       0              34       0  
2020-12-11 10:29:30.826
            46       0              61       0              75       0              87       1              94       0  
2020-12-11 10:29:30.930
            96       0              95       0              92       0              90       0              87       0  
2020-12-11 10:29:30.989
            84       0              81       0              78       0              73       0              69       0  
2020-12-11 10:29:31.093
            65       0              62       0              60       0              59       0              57       0  
2020-12-11 10:29:31.248
            55       0              52       0              50       0              46       0              43       0  
2020-12-11 10:29:31.303
            39       0              36       0              33       0              30       0              28       0  
2020-12-11 10:29:31.407
            26       0              24       0              22       0              21       0              20       0  
2020-12-11 10:29:31.511
            18       0              15       0              14       0              12       0              10       0  
2020-12-11 10:29:31.615
            10       0              14       0              25       0              40       0              58       0  
2020-12-11 10:29:31.720
            77       1              91       0              99       0              101       0              100       0  
2020-12-11 10:29:31.824
            97       0              93       0              90       0              87       0              84       0  
2020-12-11 10:29:31.878
            80       0              76       0              72       0              68       0              65       0  
2020-12-11 10:29:31.986
            63       0              61       0              60       0              58       0              56       0  
2020-12-11 10:29:32.141
            53       0              49       0              45       0              41       0              37       0  
2020-12-11 10:29:32.195
            34       0              31       0              29       0              28       0              25       0  
2020-12-11 10:29:32.349
            23       0              21       0              18       0              16       0              15       0  
2020-12-11 10:29:32.403
            13       0              11       0              10       0              8       0              6       0  
2020-12-11 10:29:32.507
            4       0              5       0              8       0              20       0              38       0  
2020-12-11 10:29:32.611
            59       0              80       1              97       0              107       0              110       0  
2020-12-11 10:29:32.716
            108       0              105       0              101       0              97       0              94       0  
2020-12-11 10:29:32.819
            91       0              86       0              82       0              77       0              73       0  
2020-12-11 10:29:32.923
            70       0              67       0              65       0              63       0              61       0  
2020-12-11 10:29:32.981
            59       0              57       0              54       0              51       0              47       0  
2020-12-11 10:29:33.086
            44       0              40       0              37       0              35       0              32       0  
2020-12-11 10:29:33.197
            30       0              29       0              26       0              25       0              23       0  
2020-12-11 10:29:33.302
            21       0              20       0              18       0              17       0              15       0  
2020-12-11 10:29:33.409
            15       0              20       0              32       0              48       0              67       0  
2020-12-11 10:29:33.515
            85       1              98       0              105       0              106       0              104       0  
2020-12-11 10:29:33.620
            101       0              97       0              94       0              90       0              87       0  
2020-12-11 10:29:33.726
            82       0              78       0              74       0              70       0              68       0  
2020-12-11 10:29:33.782
            66       0              64       0              63       0              61       0              59       0  
2020-12-11 10:29:33.886
            56       0              53       0              49       0              45       0              42       0  
2020-12-11 10:29:33.980
            39       0              36       0              34       0              32       0              31       0  
2020-12-11 10:29:34.084
            30       0              28       0              27       0              25       0              27       0  
2020-12-11 10:29:34.189
            34       0              46       0              61       0              77       0              89       1  
2020-12-11 10:29:34.343
            96       0              98       0              97       0              94       0              92       0  
2020-12-11 10:29:34.397
            89       0              87       0              84       0              80       0              74       0  
2020-12-11 10:29:34.502
            70       0              66       0              64       0              61       0              60       0  
2020-12-11 10:29:34.656
            58       0              56       0              55       0              52       0              50       0  
2020-12-11 10:29:34.760
            47       0              44       0              41       0              38       0              35       0  
2020-12-11 10:29:34.814
            34       0              32       0              31       0              30       0              28       0  
2020-12-11 10:29:34.919
            27       0              25       0              24       0              23       0              22       0  
2020-12-11 10:29:35.027
            23       0              29       0              40       0              55       0              71       1  
2020-12-11 10:29:35.081
            85       0              94       0              98       0              98       0              97       0  
2020-12-11 10:29:35.238
            95       0              93       0              91       0              88       0              85       0  
2020-12-11 10:29:35.292
            81       0              77       0              73       0              70       0              67       0  
2020-12-11 10:29:35.399
            65       0              64       0              62       0              60       0              58       0  
2020-12-11 10:29:35.554
            56       0              53       0              50       0              47       0              45       0  
2020-12-11 10:29:35.660
            42       0              40       0              38       0              37       0              35       0  
2020-12-11 10:29:35.713
            33       0              31       0              30       0              28       0              27       0  
2020-12-11 10:29:35.817
            26       0              26       0              24       0              23       0              24       0  
2020-12-11 10:29:35.921
            28       0              38       0              52       0              68       0              83       1  
2020-12-11 10:29:35.980
            94       0              99       0              100       0              99       0              97       0  
2020-12-11 10:29:36.135
            94       0              92       0              90       0              87       0              84       0  
2020-12-11 10:29:36.189
            80       0              76       0              73       0              70       0              67       0  
2020-12-11 10:29:36.294
            65       0              64       0              62       0              60       0              58       0  
2020-12-11 10:29:36.399
            55       0              52       0              50       0              47       0              44       0  
2020-12-11 10:29:36.503
            42       0              39       0              38       0              36       0              34       0  
2020-12-11 10:29:36.607
            33       0              32       0              30       0              29       0              27       0  
2020-12-11 10:29:36.713
            26       0              24       0              23       0              22       0              22       0  
2020-12-11 10:29:36.817
            22       0              28       0              38       0              52       0              70       0  
2020-12-11 10:29:36.923
            88       1              101       0              106       0              107       0              105       0  
2020-12-11 10:29:36.991
            103       0              101       0              99       0              97       0              93       0  
2020-12-11 10:29:37.095
            90       0              87       0              83       0              81       0              79       0  
2020-12-11 10:29:37.251
            77       0              75       0              72       0              68       0              64       0  
2020-12-11 10:29:37.305
            61       0              57       0              54       0              51       0              48       0  
2020-12-11 10:29:37.409
            46       0              44       0              42       0              40       0              38       0  
2020-12-11 10:29:37.513
            36       0              34       0              32       0              30       0              29       0  
2020-12-11 10:29:37.617
            27       0              27       0              29       0              37       0              49       0  
2020-12-11 10:29:37.721
            64       0              79       0              91       1              99       0              101       0  
2020-12-11 10:29:37.826
            101       0              100       0              98       0              97       0              95       0  
2020-12-11 10:29:37.883
            91       0              88       0              83       0              79       0              75       0  
2020-12-11 10:29:37.990
            72       0              69       0              67       0              66       0              64       0  
2020-12-11 10:29:38.096
            61       0              58       0              54       0              50       0              46       0  
2020-12-11 10:29:38.200
            44       0              41       0              39       0              37       0              36       0  
2020-12-11 10:29:38.304
            34       0              33       0              31       0              29       0              27       0  
2020-12-11 10:29:38.408
            25       0              23       0              21       0              19       0              21       0  
2020-12-11 10:29:38.512
            28       0              41       0              59       0              77       1              91       0  
2020-12-11 10:29:38.666
            100       0              103       0              103       0              102       0              100       0  
2020-12-11 10:29:38.720
            98       0              95       0              92       0              88       0              83       0  
2020-12-11 10:29:38.824
            78       0              74       0              70       0              67       0              65       0  
2020-12-11 10:29:38.929
            64       0              62       0              61       0              60       0              59       0  
2020-12-11 10:29:39.027
            58       0              58       0              59       0              59       0              59       0  
2020-12-11 10:29:39.081
            59       0              56       0              54       0              52       0              50       0  
2020-12-11 10:29:39.186
            48       0              46       0              45       0              44       0              42       0  
2020-12-11 10:29:39.290
            42       0              43       0              49       0              59       0              71       0  
2020-12-11 10:29:39.394
            84       0              94       1              98       0              97       0              94       0  
2020-12-11 10:29:39.599
            90       0              87       0              84       0              81       0              78       0  
2020-12-11 10:29:39.603
            74       0              69       0              65       0              61       0              58       0  
2020-12-11 10:29:39.706
            55       0              54       0              52       0              50       0              48       0  
2020-12-11 10:29:39.810
            46       0              43       0              40       0              37       0              33       0  
2020-12-11 10:29:39.914
            30       0              26       0              22       0              19       0              17       0  
2020-12-11 10:29:40.021
            15       0              14       0              13       0              12       0              11       0  
2020-12-11 10:29:40.077
            10       0              9       0              11       0              18       0              31       0  
2020-12-11 10:29:40.181
            49       0              68       1              84       0              94       0              98       0  
2020-12-11 10:29:40.285
            98       0              95       0              92       0              90       0              87       0  
2020-12-11 10:29:40.388
            84       0              80       0              75       0              71       0              67       0  
2020-12-11 10:29:40.492
            64       0              62       0              60       0              58       0              56       0  
2020-12-11 10:29:40.597
            54       0              51       0              48       0              45       0              41       0  
2020-12-11 10:29:40.702
            37       0              34       0              31       0              28       0              26       0  
2020-12-11 10:29:40.806
            24       0              23       0              21       0              21       0              25       0  
2020-12-11 10:29:40.913
            34       0              47       0              63       0              79       1              89       0  
2020-12-11 10:29:41.020
            94       0              95       0              92       0              89       0              86       0  
2020-12-11 10:29:41.124
            84       0              82       0              78       0              74       0              69       0  
2020-12-11 10:29:41.178
            65       0              61       0              58       0              56       0              55       0  
2020-12-11 10:29:41.282
            53       0              51       0              49       0              46       0              43       0  
2020-12-11 10:29:41.385
            39       0              36       0              32       0              29       0              26       0  
2020-12-11 10:29:41.539
            23       0              22       0              20       0              19       0              17       0  
2020-12-11 10:29:41.593
            17       0              20       0              27       0              40       0              55       0  
2020-12-11 10:29:41.697
            71       1              84       0              91       0              92       0              90       0  
2020-12-11 10:29:41.800
            87       0              85       0              84       0              84       0              82       0  
2020-12-11 10:29:41.905
            79       0              74       0              69       0              64       0              60       0  
2020-12-11 10:29:42.013
            56       0              54       0              50       0              48       0              45       0  
2020-12-11 10:29:42.118
            44       0              43       0              42       0              42       0              41       0  
2020-12-11 10:29:42.225
            41       0              41       0              43       0              44       0              46       0  
2020-12-11 10:29:42.279
            46       0              45       0              43       0              40       0              37       0  
2020-12-11 10:29:42.435
            38       0              43       0              53       0              65       0              77       0  
2020-12-11 10:29:42.489
            87       1              91       0              91       0              89       0              85       0  
2020-12-11 10:29:42.593
            81       0              77       0              74       0              72       0              68       0  
2020-12-11 10:29:42.746
            65       0              61       0              57       0              54       0              51       0  
2020-12-11 10:29:42.800
            49       0              47       0              45       0              43       0              41       0  
2020-12-11 10:29:42.954
            38       0              35       0              31       0              27       0              23       0  
2020-12-11 10:29:43.013
            19       0              16       0              14       0              13       0              12       0  
2020-12-11 10:29:43.168
            11       0              10       0              9       0              12       0              19       0  
2020-12-11 10:29:43.226
            32       0              48       0              64       1              78       0              85       0  
2020-12-11 10:29:43.280
            88       0              87       0              84       0              81       0              79       0  
2020-12-11 10:29:43.385
            76       0              73       0              70       0              65       0              61       0  
2020-12-11 10:29:43.489
            57       0              55       0              53       0              51       0              50       0  
2020-12-11 10:29:43.593
            47       0              45       0              42       0              40       0              36       0  
2020-12-11 10:29:43.749
            33       0              30       0              27       0              23       0              21       0  
2020-12-11 10:29:43.805
            19       0              18       0              18       0              20       0              27       0  
2020-12-11 10:29:43.912
            38       0              52       0              67       0              78       1              85       0  
2020-12-11 10:29:43.981
            87       0              86       0              83       0              80       0              78       0  
2020-12-11 10:29:44.094
            75       0              71       0              67       0              63       0              59       0  
2020-12-11 10:29:44.199
            55       0              52       0              49       0              47       0              45       0  
2020-12-11 10:29:44.303
            44       0              41       0              38       0              33       0              29       0  
2020-12-11 10:29:44.510
            25       0              21       0              17       0              14       0              11       0  
2020-12-11 10:29:44.514
            8       0              5       0              2       0              0       0              0       0  
2020-12-11 10:29:44.618
            6       0              19       0              37       0              57       1              76       0  
2020-12-11 10:29:44.724
            87       0              92       0              93       0              91       0              92       0  
2020-12-11 10:29:44.779
            95       0              98       0              102       0              104       0              105       0  
2020-12-11 10:29:44.885
            108       0              119       0              127       0              127       0              127       0  
2020-12-11 10:29:44.993
            127       0              0       0              0       0              0       0              0       0  
2020-12-11 10:29:45.097
            0       0              0       0              0       0              0       0              0       0  
2020-12-11 10:29:45.201
            0       0              0       0              0       0              0       0              0       0  
2020-12-11 10:29:45.306
            0       0              0       0              0       0              0       0              0       0  
2020-12-11 10:29:45.410
            0       0              0       0              0       0              0       0              0       0  
2020-12-11 10:29:45.564
            0       0              0       0              0       0              0       0              0       0  
2020-12-11 10:29:45.618
            0       0              0       0              0       0              0       0              0       0  
2020-12-11 10:29:45.725
            0       0              0       0              0       0              0       0              0       0  
2020-12-11 10:29:45.829
            0       0              0       0              0       0              0       0              0       0  
2020-12-11 10:29:45.887
            0       0              0       0              0       0              0       0              0       0  
2020-12-11 10:29:45.980
            0       0              0       0              0       0              0       0              0       0  
2020-12-11 10:29:46.085
            0       0              0       0              0       0              0       0              0       0  
2020-12-11 10:29:46.190
            0       0              0       0              0       0              0       0              0       0  
2020-12-11 10:29:46.296
            0       0              0       0              0       0              0       0              0       0  
2020-12-11 10:29:46.451
            0       0              0       0              0       0              0       0              41       0  
2020-12-11 10:29:46.506
            42       0              42       0              43       0              44       0              44       0  
2020-12-11 10:29:46.662
            45       0              46       0              46       0              47       0              47       0  
2020-12-11 10:29:46.767
            48       0              50       0              54       1              62       0              70       0  
2020-12-11 10:29:46.821
            79       0              86       0              90       0              91       0              92       0  
2020-12-11 10:29:46.927
            93       0              94       0              92       0              85       0              107       0  
2020-12-11 10:29:46.990
            127       0              127       0              127       0              127       0              127       0  
2020-12-11 10:29:47.096
            127       0              127       0              127       0              127       0              127       0  
2020-12-11 10:29:47.248
            127       0              127       0              127       0              127       0              127       0  
2020-12-11 10:29:47.300
            127       0              127       0              127       0              127       0              127       0  
